[app/ui]
version = 9.2.1
modtime = 1719401203.561669000

[app/launcher]
version = 9.2.1
modtime = 1719401203.562400000
